//, lower x, lower y, higher x, higher y
//
-1, 0.905, 1, 1
//
-1, -1, 1, -0.97
//
-1, 0.34, -0.96, 0.905
0.96, 0.34, 1, 0.905
//
-1, -0.9725, -0.96, -0.285
0.96, -0.9725, 1, -0.285
//
-0.0365, 0.65, 0.0365, 0.905
//
-0.82, 0.65, -0.605, 0.78
0.605, 0.65, 0.82, 0.78
//
-0.465, 0.65, -0.18, 0.78
0.18, 0.65, 0.465, 0.78
//
-0.82, 0.47, -0.605, 0.53
0.605, 0.47, 0.82, 0.53
//
-1.1, 0.09, -0.605, 0.345
0.605, 0.09, 1.1, 0.345
//
-1.1, -0.285, -0.605, -0.02
0.605, -0.285, 1.1, -0.02
//
-0.25, 0.47, 0.25, 0.53
//
-0.0365, 0.275, 0.0365, 0.47
//
-0.465, 0.09, -0.39, 0.53
0.39, 0.09, 0.465, 0.53
//
-0.39, 0.275, -0.1775, 0.345
0.1775, 0.275, 0.39, 0.345
//
-0.465, -0.285, -0.39, -0.02
0.39, -0.285, 0.465, -0.02
//
-0.25, -0.285, 0.25, -0.215
//
-0.0365, -0.47, 0.0365, -0.285
//
-0.82, -0.47, -0.605, -0.4
0.605, -0.47, 0.82, -0.4
//
-0.68, -0.66, -0.605, -0.47
0.605, -0.66, 0.68, -0.47
//
-0.465, -0.47, -0.18, -0.4
0.18, -0.47, 0.465, -0.4
//
-0.9725, -0.66, -0.82, -0.59
0.82, -0.66, 0.9725, -0.59
//
-0.25, -0.66, 0.25, -0.59
//
-0.0365, -0.845, 0.0365, -0.66
//
-0.82, -0.845, -0.1775, -0.775
0.1775, -0.845, 0.82, -0.775
//
-0.465, -0.775, -0.39, -0.59
0.39, -0.775, 0.465, -0.59