11111111111111111111111111111
10000000000000000000000000011
10111111111101101111111111011
10111111111101101111111111011
10000001100001100001100000011
11101101101111111101101101111
11101101101111111101101101111
10001100000000000000001100011
10111101111101101111101111011
10111101111101101111101111011
10000000000001100000000000011
11111101101111111101101111111
11111101101111111101101111111
11111101100000000001101111111
11111101100000000001101111111
11111101100000000001101111111
00000000000000000000000000001
11111101100000000001101111111
11111101100000000001101111111
11111101100000000001101111111
11111101111101101111101111111
11111101111101101111101111111
10000001100001100001100000011
10111101101111111101101111011
10111101101111111101101111011
10000000000000000000000000011
10111101111101101111101111011
10111101111101101111101111011
10111101111101101111101111011
10000000000001100000000000011
11111111111111111111111111111
11111111111111111111111111111